1414
7683
6310
9224
5967
7906
5408
76
1928
7666
9088
5300
7524
7924
2688
9174
7321
9976
9029
7482
1416
9418
3172
2974
5284
788
7600
5007
4859
6633
8504
2289
9543
2513
7769
5608
4640
8009
6459
5946
1004
8767
3975
7637
975
9133
4468
8940
7391
6107
9530
8031
9413
5871
9612
2514
1338
692
1238
6215
3031
815
5640
3688
1170
3557
3803
8087
3471
12
2444
5450
2962
287
2020
3155
3447
285
8056
4851
9196
9342
5873
2111
839
624
5388
5810
4705
7302
3932
4006
7466
6017
1686
8148
9470
3230
5685
5078
7888
9430
2783
6785
4564
5391
2665
9926
6964
6736
7235
9102
6206
8606
8714
9604
9986
3245
2817
6468
3783
9645
5799
4440
5108
4227
750
754
9507
1832
2635
8150
3270
1441
5421
3456
1900
5728
106
6497
8254
170
9836
6900
9201
9471
7563
884
2657
8225
746
5972
6861
1070
2420
1988
4114
4141
5277
1954
7039
3919
5556
640
4393
3585
2906
9340
7473
4270
8259
1849
8184
4106
2279
9506
2654
2745
9048
6877
2785
5319
2914
8700
7114
1821
2301
6179
8123
2141
5360
931
1855
6018
1844
6155
7642
7178
5922
9078
1997
9812
3908
5465
7490
9107
732
5399
3768
5658
1800
916
9156
6807
4543
4312
7979
8579
3997
4718
67
686
8241
2920
8669
8203
3620
9657
2187
5591
7975
9662
3992
7369
423
495
4812
2052
6319
4982
9668
4569
6103
7704
8287
299
4817
3794
9731
966
8238
8853
5423
1819
7025
4301
7401
5458
8651
2283
5093
6151
6333
7602
708
2176
8775
3177
9318
9074
1334
1093
6043
6359
7047
7332
850
8356
173
8334
6636
4845
576
8439
1544
3203
4233
3001
7352
4009
1298
5183
9028
7502
1727
1158
2765
6979
5199
4336
1318
5730
7663
911
3180
805
2925
5418
1219
8420
6866
4625
9249
2718
6314
464
1995
8428
6029
7363
6045
4451
1174
1780
5327
1589
5573
7186
3003
1814
4094
4399
4272
2496
1659
3102
4457
4890
4103
9683
2553
528
3407
2555
7477
8551
3668
4687
6755
3030
3984
1732
8404
452
6266
3810
9092
6756
1417
2515
3142
8029
8983
8811
7317
9159
2860
3945
4419
1932
1976
233
5248
5057
3166
5931
9052
5823
1316
6005
7137
3662
3703
7422
3210
3104
8387
3909
7044
818
5137
6525
3623
9824
5927
3920
6073
6640
7041
3691
3167
6744
1746
7098
3152
1860
5499
5256
7096
1876
9465
2681
4350
5073
4700
5113
7946
456
4050
4757
8796
31
2853
1320
2321
1011
1577
1970
9881
4149
3609
2455
3376
8663
2459
3971
7421
9896
7172
5602
9026
2696
3368
4368
2179
3384
7142
5671
7710
9321
3679
9083
7479
5186
5081
5866
6071
2468
659
337
3497
7315
1175
4435
8078
2623
925
9186
2603
6645
5955
7512
592
8622
5522
8636
5129
135
4048
1998
48
7821
9866
621
1131
5689
9283
9452
7839
3060
5555
8042
2100
4866
2298
6994
4798
778
1210
4092
